  0.0000    2.000000    0.000000
  0.1250    1.992893   -0.113789
  0.2500    1.971525   -0.228300
  0.3750    1.935763   -0.344190
  0.5000    1.885402   -0.461982
  0.6250    1.820181   -0.581980
  0.7500    1.739821   -0.704186
  0.8750    1.644064   -0.828198
  1.0000    1.532735   -0.953103
  1.1250    1.405811   -1.077381
  1.2500    1.263499   -1.198831
  1.3750    1.106326   -1.314559
  1.5000    0.935220   -1.421044
  1.6250    0.751580   -1.514336
  1.7500    0.557311   -1.590365
  1.8750    0.354811   -1.645371
  2.0000    0.146907   -1.676375
  2.1250   -0.063273   -1.681596
  2.2500   -0.272470   -1.660728
  2.3750   -0.477481   -1.614985
  2.5000   -0.675343   -1.546913
  2.6250   -0.863474   -1.460017
  2.7500   -1.039768   -1.358299
  2.8750   -1.202628   -1.245801
  3.0000   -1.350944   -1.126246
  3.1250   -1.484038   -1.002792
  3.2500   -1.601587   -0.877918
  3.3750   -1.703533   -0.753409
  3.5000   -1.789999   -0.630408
  3.6250   -1.861218   -0.509511
  3.7500   -1.917465   -0.390862
  3.8750   -1.959014   -0.274267
  4.0000   -1.986095   -0.159279
  4.1250   -1.998873   -0.045287
  4.2500   -1.997428    0.068414
  4.3750   -1.981752    0.182553
  4.5000   -1.951746    0.297823
  4.6250   -1.907229    0.414806
  4.7500   -1.847961    0.533906
  4.8750   -1.773664    0.655256
  5.0000   -1.684067    0.778627
  5.1250   -1.578955    0.903323
  5.2500   -1.458233    1.028075
  5.3750   -1.322008    1.150960
  5.5000   -1.170667    1.269357
  5.6250   -1.004971    1.379979
  5.7500   -0.826125    1.479017
  5.8750   -0.635829    1.562400
  6.0000   -0.436291    1.626192
  6.1250   -0.230179    1.667046
  6.2500   -0.020518    1.682660
  6.3750    0.189462    1.672122
  6.5000    0.396513    1.636051
  6.6250    0.597556    1.576497
  6.7500    0.789843    1.496638
  6.8750    0.971073    1.400332
  7.0000    1.139444    1.291658
  7.1250    1.293657    1.174501
  7.2500    1.432871    1.052263
  7.3750    1.556633    0.927702
  7.5000    1.664788    0.802877
  7.6250    1.757397    0.679176
  7.7500    1.834658    0.557400
  7.8750    1.896835    0.437863
  8.0000    1.944208    0.320491
